472657
270881
414069
788261
214715
112211
783656
80197
936346
981643
833534
924046
40083
871842
894972
211966
609420
264287
968421
557024
118696
156768
915810
137264
624399
298600
767752
986620
93811
288071
350168
388893
377015
881175
301015
178610
225786
234821
571699
185680
679169
829331
937161
880800
993640
448832
629805
811457
479137
528486
248671
299646
453669
870495
805046
182531
12692
201434
390216
172323
483778
317427
901633
898047
893115
714132
688588
757377
930477
414307
912274
603328
900284
892470
480529
942211
367451
824359
854918
881945
970863
369761
175890
686727
81998
168920
388106
93473
194764
355481
267417
268400
272050
279356
472235
485545
89506
298853
187878
534443
859152
479079
136912
724423
775109
792631
311929
996294
43565
394485
928310
370712
548788
168606
156970
269594
773237
470118
789390
706487
588280
605849
565135
836520
281999
301890
647860
280196
157388
579127
438463
934570
895075
461306
416126
805995
100408
174889
397549
876320
365080
831767
835279
160826
156231
273766
663059
565825
321374
769250
712323
808104
967051
788997
559709
100358
126939
828949
479812
617454
320684
84111
566041
46041
585195
13752
691516
47945
256292
394793
513891
495020
160967
15966
793159
594989
955527
419446
981159
761658
874232
674292
787380
591718
923159
828266
264840
294985
206793
672246
479615
426610
257210
693725
608302
877178
280367
782481
584722
219523
253764
589391
119572
953578
67574
30534
175373
689361
716914
648524
314722
297271
192720
314925
397723
442658
894957
436518
879355
196643
850721
483618
69720
735411
984596
997113
694179
997014
182549
717095
860843
158584
120067
637152
504779
664994
806043
953656
765391
217749
620254
259936
760729
100840
984394
291617
349571
927595
38083
682616
777843
71398
523822
327368
406685
518295
678486
348966
333183
779357
165057
538319
827156
866316
10189
94066
88250
36431
85468
970300
141037
431917
66660
917278
105142
393070
288713
940237
665655
828086
821722
831385
17185
320636
740064
420842
304237
172404
121218
685464
633540
345165
885840
803614
582190
61994
918862
67962
273287
519672
449728
295826
931019
619771
765890
997690
869669
542148
603757
456144
898010
839057
723992
356564
113867
376093
834184
904094
517054
269386
84745
509878
747741
403391
988384
267588
462211
478291
939556
23211
714665
565281
851752
67517
73134
434946
147970
297663
895440
802146
98053
568943
750552
573489
372971
15805
65708
654526
266957
404784
174988
599988
577515
930751
874027
756045
956100
283108
5489
795476
222050
52615
588076
955320
658889
99231
42853
104535
366785
326817
373223
101122
444707
567862
351243
794427
414172
517799
846039
146536
823690
353386
268122
880399
875765
250942
693710
820746
147561
846588
373047
203917
435240
241566
585715
698575
972719
501482
817459
465050
708825
301805
649889
961105
943677
353960
719152
567921
155561
616889
276940
672436
415273
466142
620783
962971
68442
626072
492528
439061
356982
180406
247505
713576
183921
996483
888488
560107
550917
14565
12601
122075
946693
143371
555043
139711
82266
296117
452481
920356
686758
146470
977859
778387
39815
701353
561287
234929
204828
804576
526103
607979
741491
105848
50727
840647
500626
189088
92858
31781
850005
11323
587274
149810
792457
267128
746716
452975
464883
463767
388377
421118
252888
959318
475594
695749
974440
28107
797488
762293
179587
552682
505410
177206
489534
810208
627235
176956
37234
232174
267209
521756
226240
9948
825047
940317
352105
624975
620244
764446
310178
574800
90871
72290
642885
648927
344755
6759
743641
604915
905068
43030
555661
718845
170074
48183
32970
646581
474388
862650
889533
178600
352033
319913
151817
112564
615933
441822
378829
695248
774011
589533
746747
897225
36229
125142
18582
45260
74451
325697
341304
172089
284603
224747
181755
680214
787653
701661
668449
357129
931175
308137
44691
535739
833172
667889
341046
240365
444354
514087
729711
216168
312188
86960
706214
782553
380819
262996
398808
165362
191216
995122
333031
110192
386042
725631
221422
787986
246966
817195
350319
773965
116212
324521
740641
212763
490721
942064
783844
444936
167087
295403
610850
455477
428894
230865
833452
924211
607559
460985
145332
928974
495304
435578
812630
746581
474268
702521
977672
630861
851129
442437
953839
83885
38427
219242
261844
960694
231356
521516
906554
957027
391996
12144
198870
635161
629071
600489
896897
200667
107408
854911
656191
420775
251033
794129
479499
677706
500347
478315
582035
10712
491232
52499
80409
474155
70768
709712
197734
97957
595443
573803
994195
395782
331614
599323
636299
719322
664481
538182
650493
919913
864969
735795
798145
734575
929253
698022
219714
666973
625
781398
304897
940849
395816
228584
944930
698735
181083
161587
637743
322318
674769
363597
715723
109932
540659
230276
347286
700845
552564
53625
681232
128533
437440
228943
825180
193960
583604
883292
938324
653088
406827
674557
890804
425123
620142
28415
879236
807862
55110
441789
402873
47732
358180
93858
885245
847569
732685
256587
600676
90583
290688
875339
676326
298509
928342
725967
879417
199263
681952
833582
646024
996041
217402
789116
714005
512707
695892
286989
896601
103661
79697
203840
840099
462695
571168
435787
725311
30589
278983
373034
355396
865446
977025
532346
830640
109713
347532
72922
849393
140006
41774
934110
117931
746797
739520
952961
591851
597411
183049
279495
40856
601801
279153
467615
412238
565080
639651
103355
226080
470491
621709
435911
424297
261432
887411
324389
232682
649834
791257
674740
857761
244281
179627
219479
636663
453080
863096
737083
961879
311997
798638
20953
185665
746503
537246
664137
308535
196462
683918
298490
842873
952378
232596
823697
598969
573307
807540
22296
788027
206541
30990
373116
594413
664148
466049
93117
439256
840838
183762
625482
514942
288278
535331
374328
484095
149995
468886
936897
48710
689133
715030
180803
300896
609361
970090
622092
927213
713767
9592
895119
455059
309608
655358
3074
392830
269598
834573
615416
29436
251310
693868
21338
320036
175505
292923
701059
806328
493871
458828
787156
50347
632863
925869
811129
341936
468415
400236
684307
822750
539267
598535
873199
646230
264692
771426
444863
595368
266736
106606
599923
6875
976278
662844
435026
685339
937252
993145
304717
590857
777569
613945
422882
836735
102918
865141
303016
709294
863063
3529
476951
375134
398100
936422
637205
808603
585814
539646
877895
652811
656778
200238
318986
257766
272070
860542
383269
36129
667086
150753
748119
888081
681682
991672
88329
730731
618684
398261
515485
144194
999105
286511
531142
381884
98674
206099
639494
989417
112357
212302
959405
352895
413239
723209
233860
43689
456843
69933
302675
176916
138984
707515
200189
239313
413648
804061
811525
812644
894553
81612
866974
392987
355216
854750
520439
527592
534224
94915
824769
872171
88844
341007
397267
883184
990788
487382
156712
62543
258799
875863
953645
295724
513184
932868
43436
804524
414013
472336
234421
570656
570262
165808
70931
336099
431776
681256
190390
479216
798791
905297
635005
892820
535628
31150
407529
434535
68593
708733
348702
977438
682186
312612
401104
558281
644530
217861
972651
322626
757333
288995
448921
458736
756027
616294
459175
335154
562426
685548
292438
936804
678514
654182
893477
761583
908208
746662
731182
318190
630901
624368
21978
16136
263169
586283
987668
833589
453500
885116
455708
444036
30776
891365
421915
593688
351097
389088
430623
160989
149393
840284
872398
960341
325688
191105
938877
811471
884543
345378
558541
249938
328827
456548
50277
630780
559280
581691
28803
157271
923802
663541
154148
526049
3348
25839
819970
108367
256751
379917
320744
833614
161477
372786
467658
477631
286056
982832
50790
899116
34578
692412
955266
836078
291588
396915
323248
303341
600498
266115
15302
112382
360366
460916
865030
532812
186025
481726
320333
456254
222103
634277
192796
253078
171810
420633
737670
449889
462469
913267
406437
950872
551309
776948
90639
393944
419328
367720
119830
187202
658274
588299
482372
537174
21259
165165
815487
576407
631235
430898
479282
760891
396913
119501
237529
723442
560100
76794
413174
369507
246006
163903
499850
734611
943940
464135
716167
623800
907693
556961
524082
947876
120135
815440
997196
232631
736684
5441
274588
719012
617042
780005
872390
203633
211668
327826
476159
767118
373293
625362
362093
941707
231737
919193
296056
440072
873199
816490
938489
92904
628701
491769
551391
458591
743130
417313
901914
402592
285517
277340
218115
912647
41892
896223
955225
497448
783300
939115
105155
96510
988807
457867
84074
230523
189443
680240
870210
719921
576181
220707
207146
540082
221967
768761
619245
274364
425314
100009
856415
685626
236296
147870
376519
546279
335113
248918
489683
912443
834378
726639
98347
369338
858469
263014
421382
219878
972077
214995
407522
200219
633671
17384
288877
68917
83965
16690
279881
874351
426861
739769
510291
320977
764816
187876
567389
624336
157864
198940
157795
422355
816401
10566
93771
757397
562903
483847
882197
303245
170875
958291
69051
710989
233971
83913
580067
546899
574403
295841
693453
416339
593809
994694
16405
448550
692004
232278
287439
487153
922367
504518
867945
421789
844396
572253
452214
234453
295699
41395
913093
129233
477871
473899
242410
916603
776367
310543
237556
142001
222776
623888
155806
920062
288059
414288
117479
265553
513448
156962
429496
927124
423917
761308
733732
139370
867560
806856
188857
363719
641987
209095
65073
834094
741241
828612
321804
970470
124693
544607
429457
642471
765215
537074
94908
987909
844534
796701
748699
165960
860413
25216
633648
740667
424512
698172
112901
817419
18089
225078
530092
497185
631613
852317
788472
601564
117977
151007
47188
385468
524308
410049
674027
887916
584104
535759
773728
384996
583466
29442
163842
118562
930779
596453
395804
406590
195564
68662
596122
361686
758526
31635
36602
687712
798441
49836
246425
439223
568396
572454
464677
194685
489448
287504
926896
464818
347594
505865
941749
643909
808114
941501
875012
967563
530762
51613
312658
523781
781882
978122
438145
129194
36624
571976
358458
816570
791818
931019
50264
485455
456835
226526
522264
822166
303045
355760
407963
663587
759122
208104
124983
101454
635304
123766
674856
363673
686781
916609
749265
823550
299739
470048
524533
774607
87845
988851
977150
187611
872508
193601
215790
209364
190309
379760
435283
466923
382662
894925
319175
109971
18720
972397
992060
670332
331541
250158
933440
830895
674311
216844
272152
259675
154471
199473
429609
442736
826219
514850
99609
90859
646464
446803
564676
242423
412027
866936
125434
989650
367595
172259
492236
312392
359523
85301
977383
617130
173709
264162
40138
147836
381769
995571
29306
875481
95934
570115
517466
497775
244537
283393
130310
855447
682343
184515
768192
778610
390827
928123
775063
144016
127644
816100
939992
710338
578878
623700
247325
447971
964689
396466
886137
91869
70458
719283
504761
177141
125964
780353
472996
608463
181427
188608
471343
94113
544865
152309
416689
18391
86728
67297
671054
684297
166247
566418
676953
214618
662374
185972
76352
852712
70513
553020
137581
302240
729456
103337
914577
371323
54719
681906
583105
190947
67137
990327
482710
643861
943362
403319
805548
88822
282468
121171
785723
900249
531417
720287
182937
653436
99953
630847
135935
143359
68661
414222
347055
384804
832495
831233
92552
526293
747080
610082
93724
567074
180970
201465
316993
420260
266534
951888
793256
588863
371614
497260
763513
266974
868926
983460
879023
556412
92884
165827
973604
263681
211569
478684
955480
863091
138859
279359
591108
559536
291766
480475
242206
262591
471568
610029
685946
137573
630949
623292
720804
402501
898856
476571
411407
833181
82760
986392
61352
352346
211816
901628
551309
227379
515249
606480
612927
487083
658923
665317
427311
186081
713148
739620
548129
281219
991589
212167
551224
171637
901678
255470
928164
621304
474567
359950
297095
772009
381538
255921
955619
172450
309833
186568
625201
7949
874119
411721
806926
869815
936255
950367
161517
767082
883782
770249
883327
996992
348387
505472
3642
617564
837872
377738
109202
421917
937836
949374
924107
135699
141024
141138
497432
248816
212939
48851
691321
51188
253253
899788
75850
351675
906820
74453
187888
805495
975979
510382
873852
80028
426852
398259
12345
490285
95159
320328
999616
594618
216140
812628
434301
662108
281946
412231
179501
834435
605171
826668
719897
819685
543046
856013
191920
749290
739918
393168
54187
417038
306978
852565
394263
244409
158566
560007
657407
281278
603998
822269
315651
516390
484217
727492
835915
790227
707113
20029
494328
223868
992207
549621
435565
487478
714491
466995
629933
388529
530122
496590
643324
734650
797669
681126
345571
367113
1473
562608
826728
551905
551767
977939
609697
885750
140671
660446
936077
87956
364042
776703
427336
226277
524251
449404
982678
639125
925679
392014
907467
302740
874354
718866
297660
396457
244022
691844
578182
429241
425751
443927
199681
961310
162577
615835
136684
709516
947939
205222
377237
208026
641148
690032
361587
997534
682008
443578
209024
204744
174416
165026
901072
270117
58218
460676
133358
770295
148805
222008
840134
243113
925949
322245
504513
227545
685145
244601
563746
826975
226843
17651
41206
129770
378522
887477
587925
714999
518792
927631
105975
456755
200171
982984
967710
843103
152252
828224
151694
687243
28624
2428
467005
90527
73312
247012
366190
616889
266531
157419
645457
308564
873344
796995
18073
930501
553077
646293
509236
569205
588724
110843
413696
285589
204311
522568
976540
362251
969493
703714
850698
300845
23968
631753
295794
513157
872459
829749
134633
942582
22674
490518
999988
927612
394177
474816
950940
992515
998558
723079
109877
734305
308083
702900
761607
392375
712541
683914
562642
15396
898018
830512
216465
963412
609467
201777
413698
380628
580124
965287
366813
248371
853813
395752
119951
335944
467823
272953
196784
918520
368912
707185
302387
352935
536654
263327
855611
215841
247479
949515
557600
527427
608105
990814
425657
421082
236157
130422
494119
994094
34310
26443
330427
277241
185737
251203
258744
325093
234214
535933
385329
292043
497173
190655
552257
339193
881167
892651
578999
571177
260499
722225
704052
570167
342682
396540
380826
369058
936093
644616
652576
245701
24229
117411
681396
45107
415791
224821
304534
595436
971587
531476
443779
301486
52731
547194
512417
594874
919157
711032
260015
326761
307341
741751
576850
147850
326899
430488
81391
459057
963439
65034
390707
120202
92695
596260
418754
654727
671172
294277
603625
718901
693565
376406
31662
775081
269099
526874
284813
502425
199609
946423
312817
909649
712369
198084
810755
961578
324197
500949
114246
253190
352122
281359
510609
90296
704317
702387
562824
16272
562877
36356
398856
974496
708178
707135
267687
779872
371730
665943
313996
88294
314553
938374
169397
442551
969263
525710
717943
454596
848457
161623
285560
52915
949345
90650
106869
633175
513595
285798
930937
657447
127511
877070
197740
925319
627544
801867
77686
484209
211238
568663
788133
627693
157723
640647
597777
409211
726954
265866
759881
872670
300650
898717
37337
502580
869453
268419
226215
24332
126411
539316
50763
465032
441259
367146
345988
187765
661953
966629
779862
965396
866579
685735
737674
816930
635682
276032
284944
125183
338837
233497
358453
126403
705182
49833
707768
583403
691155
196821
115216
746990
589376
150364
607133
684110
998855
625294
877556
256787
275626
971722
96818
769244
241536
306816
254144
354027
571142
687368
412667
765132
993483
344762
545619
331185
335590
985210
201123
102947
889187
857438
992984
566049
672316
934468
271176
426815
153902
738903
828487
417696
592628
457608
190769
578169
711332
223012
418285
863268
102577
446643
398203
477008
341214
756109
383941
562264
318956
9404
868341
142499
731413
967097
229748
122981
226458
229223
166809
687784
366556
594440
211460
747763
965083
728770
651207
843707
863413
751996
730817
630143
151611
414110
669744
374965
160166
240710
348197
75263
324970
60256
863098
910512
544706
903635
368942
210975
243053
244906
94919
91802
687903
268641
54950
3910
695909
987915
260832
669792
811212
687423
127612
683119
403856
383819
564939
475568
557446
511536
757991
714477
178742
825454
767492
492
523478
893594
111252
684516
729195
455335
689184
867535
769119
886184
397186
985442
829953
534049
987336
746979
957722
724628
203927
170488
583750
117930
550577
455349
769483
390390
884124
548216
366905
239416
649784
202746
798444
380564
348829
378726
860233
122340
590964
129264
414528
886088
746206
596910
559475
31871
426092
102613
428293
234834
794285
237339
338220
153761
528317
44405
719229
269296
136751
413943
310751
585752
500100
77520
953924
703272
1707
377061
928479
844336
586367
726301
763257
132116
424924
240678
193024
986131
467293
670353
215814
415945
943475
912411
63271
31140
154966
629456
182506
40034
614400
515530
662645
53011
215431
641110
755825
449491
786583
712233
492680
533755
562460
513249
492970
346335
425444
94569
666226
934115
840503
507854
450399
80852
671407
517172
780546
663535
550105
373096
795197
694889
941218
130960
722323
89357
124676
579833
775622
848473
514555
711141
359625
480828
962862
368713
975758
265316
657770
101572
830738
759836
174282
258674
487657
812486
257331
434283
885476
88110
205763
840407
691972
237436
643907
747342
771895
430565
625804
80642
719705
751894
89263
434240
478746
250688
92115
343757
288299
741688
857625
489231
829628
236831
743351
342286
956310
920660
905791
957095
138909
279139
831601
488442
994049
702656
106745
628867
456506
758105
439322
801704
920586
760528
20328
185173
996238
134708
394356
740953
535204
85774
231924
55885
513874
256717
409286
435390
960707
299340
580402
879716
512897
341075
290811
255388
440825
439740
80558
247901
402922
833653
247496
649710
973901
356935
163893
94606
832583
422630
518158
410927
176698
154877
208204
783157
266608
355409
35213
308998
186490
62193
7646
617784
388494
666473
740766
808640
987200
978324
296865
595348
791867
448570
78841
955212
578388
186517
316468
689963
156330
731555
435158
693527
786165
222477
745229
505312
974922
837568
373579
719098
189348
545252
172880
836036
88960
22300
70439
632325
808325
822189
226038
172400
350728
510859
530970
285132
790768
69250
91540
78342
107773
242731
713999
159905
907995
154632
41330
409679
338281
856556
36126
588847
674029
276738
864726
17021
892571
159736
222332
922903
904378
636296
375231
387747
668936
624844
556224
509354
908145
764000
989748
969508
181697
406556
261779
704614
983343
48004
256726
417227
346976
948976
44852
91745
533530
185438
966040
698358
910724
750552
154881
161945
937967
319270
406335
102077
484179
395761
596106
909533
665995
724203
730580
207805
934524
548213
119879
369841
937969
399807
235302
678051
263725
587890
317643
915045
59271
554884
551119
636046
859829
946211
340936
509219
192774
48988
352058
491244
797132
926039
148416
445390
78076
529953
556127
672574
268318
323070
320838
134029
744449
50794
601756
87716
244547
672814
238565
788791
418928
674549
790697
9704
381397
919123
226998
853647
45834
858118
571851
958135
800438
198269
375467
747139
299367
393694
153477
700686
832977
334298
120722
13718
282610
558577
877908
501961
731184
9817
424691
887000
576061
188827
284556
835940
833289
127778
444154
75672
28013
508645
16566
520436
273785
497357
391646
512421
927605
207231
777798
391391
918937
296650
657504
520858
792442
501210
525260
993673
132484
447120
717765
855151
378561
301079
809260
854838
987760
599547
271015
733951
242710
411427
185025
348158
643372
15346
816799
710077
784193
203950
299748
327577
492659
200934
929993
595765
701428
879141
29358
972470
295405
749222
225812
741026
397928
451329
172418
213984
81836
808072
716649
858131
825031
165458
356563
648245
769726
138687
377401
911361
3725
684127
450310
834464
106672
777287
641420
266255
62789
269805
651778
334656
43772
80194
627380
559351
711456
372366
475634
62645
270698
110333
298814
945708
874300
773078
276865
198817
701001
707917
669225
957771
276471
208580
334776
538571
921973
580730
20317
720571
204084
36712
442833
457635
153578
843726
48786
638012
718431
797610
181666
790985
480899
755024
933550
889269
358662
240761
569356
707390
408836
382946
359414
858758
590062
843029
449219
366904
665631
851952
561442
255742
451688
533122
543629
553972
405446
886511
463339
698275
191793
586924
788311
257675
489777
796942
87748
553930
422640
902417
36567
560090
845959
17214
474231
349539
296605
45283
927446
122967
321301
726878
590401
602141
963300
421151
776901
913753
958415
647525
335031
809084
940642
881454
885068
20989
222092
730033
641668
680806
940148
136083
385943
554194
903093
793238
142268
766837
912308
547550
955877
827387
485852
963988
137455
23480
180317
426816
504931
98326
574995
215096
835303
427361
573476
819071
921620
969162
667015
572206
303836
839724
30140
691891
489662
696702
393346
693442
593444
218714
284968
54263
850538
825713
89286
533278
22418
943684
851165
727580
574595
865236
838205
69080
618176
809800
74748
138599
160728
599798
318276
396362
938779
435981
223800
504629
174265
113378
528730
291093
625307
986345
693695
544160
368996
968372
806998
305306
767117
769123
923640
976207
254846
724301
185790
232002
582970
742385
960784
44665
570437
432528
747019
319019
815957
185605
928509
591271
955330
573161
694698
981882
782278
518988
401417
911290
243242
166084
48336
556985
33172
886254
680386
687736
991146
90404
385930
783261
748452
236689
50131
681904
809178
119742
957340
816306
248933
275554
859228
105830
601424
821930
937173
865266
414173
877593
471677
184585
591729
66030
104284
819220
743801
944476
634014
873984
400793
660563
221497
151531
312234
69583
742742
73695
565059
900566
814526
569772
574385
610729
999969
76794
378951
663533
379038
369571
500898
447630
766979
115280
870367
745492
162395
917828
605535
762234
798926
229028
458302
546867
704591
732855
368700
645538
134649
811464
981018
479753
949013
920648
368880
607559
788247
954291
858996
552830
893756
993770
460624
473725
71692
26878
514355
621464
772519
120730
726984
956974
786042
8704
986950
492876
113942
202767
919131
68783
946344
797070
274422
944042
138552
318625
651419
741232
710881
622425
363097
771683
92385
971109
861159
660870
790957
988535
973091
819900
745783
277449
285635
755881
268756
141351
578519
748969
339517
855766
903355
159199
185860
25394
485476
433087
247390
743402
475031
966779
69549
763416
395640
152405
648596
293782
711629
779012
87190
128389
803162
422913
21337
46502
451076
626616
910823
619245
564036
640726
544591
520519
953110
933398
833686
337634
206331
1745
174735
828629
342233
470585
438127
350622
12092
656185
415383
766582
746119
182882
47601
452967
55807
392904
880580
52151
241768
607813
204019
95177
324115
653612
649552
216933
774577
970401
441183
138032
905293
290594
188613
85682
845242
650256
515793
850945
4350
180556
654660
181521
954223
823601
48047
804827
495473
747469
624813
727222
246547
144362
675265
116868
891183
702191
178254
16027
388847
856302
542256
601163
46446
109454
946705
359971
954153
590524
976819
842667
193362
670481
363827
819466
943923
67372
33683
660441
274470
32735
58513
971384
313913
463552
31285
547667
62876
514429
761802
94128
391110
785139
91452
88112
137201
186446
499051
926310
722490
424708
901027
985009
504934
588819
702367
60730
378128
733511
256488
537030
490458
365545
930694
267721
977557
450359
325800
571917
963815
330783
148329
939896
727164
303518
708132
153989
366505
628440
459532
449948
989754
631639
338916
548220
747644
226177
682360
886109
292774
525221
173548
636832
604167
588667
296157
127572
225922
196210
360565
42565
433442
716012
989928
385061
976091
434823
195957
344604
337530
90941
728446
434331
122530
717867
631751
854033
588618
203266
42148
800835
340391
911469
581923
841140
629549
165358
729233
37250
416048
12676
441578
97079
111304
289712
523048
300909
759834
67294
750042
635236
918134
869798
905162
856129
901423
84469
321570
878292
216421
135374
81628
719427
390389
177917
81511
527224
409774
543771
104011
332986
788703
469907
450433
707327
7260
922901
635427
349867
500571
665355
315619
697414
53253
406458
957979
717389
62285
428005
206476
250313
827130
542915
566882
271349
464208
463205
450116
886527
538477
668078
856032
943838
865591
881033
745416
666037
471549
791732
455807
524419
73407
679820
161075
632481
818301
9491
90539
624381
504556
439997
680281
474392
477472
505406
77004
324818
573697
223772
731112
455788
543905
991950
613681
233903
506478
199421
847639
405626
335116
657572
826884
951280
633097
910410
304597
966882
496058
446638
919516
85015
351825
628271
180884
602003
225173
450768
952154
427330
836744
406991
629919
973769
172727
883355
217060
888970
779317
855570
326851
836418
114203
704984
260468
723437
956383
485336
317627
283700
238735
845505
36803
395549
599798
755059
206744
333157
856923
73751
441240
218802
724836
905692
64029
605367
316858
263324
715669
865233
385638
133040
253615
818424
112532
681268
870922
527671
744696
166787
387065
457238
109742
365676
486852
530290
132260
825094
634430
968777
569658
956658
322581
444445
671195
684246
996835
790226
493020
18202
535631
464322
113851
146900
764023
203287
311526
821592
454711
221584
249433
970823
62065
269866
949518
505540
260583
736956
120513
334734
106839
455950
199250
187290
183464
276237
514714
41981
87059
761440
111990
13687
430326
932356
845548
482858
277680
987080
420138
700578
11848
868274
462033
856000
66443
814814
45965
459466
353539
256400
98636
890907
848030
276291
252342
366423
254190
514433
305284
578009
136527
947189
186958
443778
753291
194898
804764
404393
480407
532904
880795
333627
57877
632191
820175
25801
750633
955783
299432
29492
159727
697945
897448
888679
565671
393855
103732
31697
889614
190139
46872
53013
123482
404165
450357
940872
456350
52705
721504
367837
657151
83235
371432
343466
922603
681173
233226
477901
364808
48586
706265
383237
848097
833789
568482
798745
285788
987856
664668
435460
426408
117496
647520
418061
423057
502984
967657
637774
881322
914270
286005
199204
818304
511089
503479
880853
90221
846233
908428
720517
817539
370922
822319
872600
843540
108125
945318
730730
139541
369116
825513
440531
170489
470873
137607
971920
509976
789953
921814
89164
372616
851818
877686
683563
359589
822833
648003
290975
377962
16704
789958
39836
211582
183091
268219
709078
432686
2903
309728
953169
163453
347182
296306
833717
335196
220244
217157
163040
582328
93198
12049
517541
45085
370731
396838
268226
58535
213093
527858
126205
141160
586148
841234
217582
606738
574919
750833
799932
834481
342148
890223
164071
458099
188781
848146
653922
753440
91409
144245
918328
751011
827109
140247
55944
711282
780449
215420
673255
866190
449860
356285
101384
562096
53722
303446
899918
724168
328661
216482
321052
924385
895400
353448
834570
379823
299572
870689
184873
979414
815221
865850
99875
2866
905589
731133
313656
601912
358979
108283
893341
810350
164126
294280
383851
725833
577414
235426
355987
413150
234775
57366
652758
670391
945627
564181
755600
363604
202436
670152
460346
477793
904062
36552
132954
141292
552452
813032
257944
80531
590788
27268
930847
434681
550655
662404
210642
154132
185072
615902
505629
548265
995842
398038
852250
7589
771236
433608
737019
222438
650108
895161
724683
860335
247324
757094
951829
68816
190681
746683
382973
717412
616205
933959
918446
743619
983414
959149
464278
853371
898842
393241
506021
694958
707153
330104
254863
660122
363309
193601
93470
22943
825066
627686
174920
731456
779393
261935
910871
901198
518562
488506
487878
526686
188632
523461
725236
390133
674578
664723
793235
507580
6611
578619
875976
847811
192597
8168
326983
420791
947026
695370
752092
805172
120568
956446
847915
156902
694853
23115
117187
864458
789644
305694
311285
731400
494391
10657
281574
140598
594256
131484
666710
187780
928475
233555
774300
207569
681442
745702
131449
589250
944404
940162
952185
125001
19273
900713
770299
394478
224055
761664
939997
823707
100448
838326
21989
821188
331275
168992
274171
486188
180844
913248
316748
696421
597532
788559
258603
262030
298894
8884
652312
561351
642656
324868
333803
91342
92743
88467
347249
764599
317306
626397
190066
953982
906984
161490
211517
218409
8659
91506
7953
70473
253317
132129
797782
231301
417412
437533
689152
576034
765378
53885
651858
753070
346424
557925
505721
84770
924934
641128
141722
598097
706434
542482
811543
480988
638683
63384
656216
230036
908404
492900
977484
485809
875278
64707
74419
90157
435920
620556
897584
437129
332014
845886
85471
484338
857125
106006
36271
343629
436178
61299
153820
871262
540925
829719
549782
659237
998479
528442
701220
155529
142648
29087
410732
541500
671234
858191
93534
823576
731670
633056
648432
850540
396764
669603
512743
979806
382500
165762
179089
954491
999212
898154
424038
866724
378659
441537
870699
839660
496039
465853
806145
696516
38513
213139
144091
6318
590836
401082
180329
171881
42790
770963
921953
639315
166721
701336
687253
640700
162272
12139
461975
835637
48021
900541
649423
103838
841922
131755
950794
625210
688256
296706
940828
615745
615068
687586
999662
501067
999619
822181
357722
935087
853654
403748
85567
559553
962108
626280
772694
760443
732338
615551
159070
68270
547868
916472
317391
518468
255338
284646
985979
96070
34130
926
944209
842978
761876
673716
102778
810258
945654
968873
114655
44363
587502
985930
418660
434407
607505
75370
907686
712765
41577
68342
147270
8475
249511
822477
728394
239091
585006
652360
439932
666941
394950
49649
471363
514687
94688
730292
701712
569659
982488
850315
131723
200294
987821
301843
715609
580742
99065
111314
680494
890994
86843
956239
255190
295100
694015
246316
475530
192973
474088
939111
452696
209098
160125
488185
377652
536593
751814
577693
643286
762298
721822
728792
168482
257015
577820
870440
406016
517923
315352
755220
787667
545241
113809
406285
741125
257983
406373
187759
920022
165831
774201
434171
616885
210762
216982
112202
837400
409992
813811
184906
313023
456833
183794
12011
693700
740337
972672
511488
729403
917609
335483
397379
702291
227228
714062
226629
796192
648317
411660
294251
944619
334046
730348
667792
908849
388544
559495
624201
233974
60364
143193
799062
756211
533611
173835
164184
260447
388674
85687
151853
316728
791719
51209
853498
148027
296418
524959
292764
329350
269498
599986
863841
745397
890454
477872
998168
760340
32772
303684
506262
264320
908762
173434
265800
341788
883751
720059
375049
133614
750733
233171
410859
84758
343033
648098
89897
639007
667517
814362
469158
194997
402513
784494
970190
536160
221861
810202
262177
705169
246465
915979
6619
237872
286249
131377
881363
724806
162746
511060
342663
885142
533211
394541
181007
560603
728613
81756
560060
371548
435244
587462
673790
315373
779287
705266
539762
622706
415655
235975
972058
422443
243480
108181
173556
178397
106703
770399
135848
984812
723511
441309
707968
409232
651215
935032
417670
737841
108167
979441
346519
226153
615692
778039
507919
851336
179613
762188
271668
395014
709834
571350
99114
820654
456860
695200
48718
203451
694865
561285
676462
273126
46122
805802
969294
847363
166444
393242
285919
583783
309767
416572
927443
157220
810465
82728
28332
627443
860755
857400
705030
872940
224473
386622
775469
662839
887330
640809
955845
840101
43157
137541
949973
748362
117650
41966
533109
99851
218129
286349
105756
608101
187833
358255
332741
313374
743621
974932
760851
272315
279084
464373
688157
35802
946802
613812
437502
681986
13845
675601
225952
625613
542504
698035
467289
836074
147760
899724
381235
18620
669810
789020
728910
685116
623302
648829
38471
396904
610633
942858
701855
8788
475418
678068
607225
588567
291871
488875
977452
241997
816313
998962
33036
956030
607438
668493
386127
38512
862966
851197
733117
660083
342713
818181
465437
717617
970104
750685
964950
947500
984930
707971
33226
48369
83535
53768
708510
108988
830263
247121
362969
225971
907935
166295
784539
620588
691380
631017
593207
729280
862489
127005
864567
300067
448612
431385
360739
459625
308710
325145
941986
208686
859226
301627
873181
252381
365290
275482
884182
994842
214963
328169
138123
143686
263248
726585
123580
792752
706182
940827
988595
824492
351802
539341
447601
419778
510226
503747
275848
35229
805969
756618
134259
660980
975444
651869
73530
232392
618797
135410
764766
780939
717987
432970
111205
822231
775973
652659
622599
693819
495825
876425
900167
572203
274726
762092
71507
647537
571377
955453
655538
143467
318920
398469
998400
828216
497219
685066
429496
201396
459355
450312
466435
525543
139913
133074
579260
887243
664768
431635
14738
401402
74632
88944
509553
733072
239791
883265
115391
394928
913365
142899
188992
319438
942439
823208
483713
466743
189704
678375
656840
144034
732201
792951
991756
766809
998877
507398
884431
776362
377584
837579
582518
230423
794500
431604
785357
276462
265966
983448
459614
495655
239003
630887
780631
386770
90488
370016
631498
698336
258131
422006
825511
812839
769217
204672
301328
460410
280378
729846
694189
707595
458783
973810
165420
965295
135910
810978
762478
327219
786191
642571
618590
808219
405679
530146
682343
368224
380024
639920
166971
901591
150131
11722
328092
123660
442707
978836
424017
421490
217247
189992
249955
368840
320347
399315
362510
402527
314491
984607
624027
344131
834240
67985
707146
434265
183464
920446
660006
380747
213623
369474
683681
136151
69016
649352
535856
259090
606983
956793
324419
807022
621213
487025
222876
580043
799157
376735
827934
304678
663408
686045
668480
336544
742184
479163
18840
328854
649124
798203
495114
771246
306138
132369
487377
876519
561803
224310
350033
102783
669426
542002
672923
470337
387325
979730
835858
536691
898162
820098
558954
222375
338814
987544
681277
424774
853268
934811
960820
678045
308728
479880
62475
585451
347403
2499
37712
522677
503565
106313
207525
768752
846425
339982
938761
846025
888069
13770
62056
236056
723145
736349
931199
560620
136851
190371
842811
722488
141805
133745
615121
535231
162584
741089
85597
798743
997727
520327
271151
621166
953625
126582
67718
415440
107487
98444
330670
693408
692451
285205
320190
94482
606608
763153
53717
862111
644391
588973
405564
415530
921887
119581
324463
899025
349719
566200
188282
955425
543749
266271
916349
661279
147863
153340
791358
628860
285804
909234
591378
857111
566999
687810
134766
2921
318834
563648
712852
510306
523127
134527
421873
51841
971328
557881
540620
611430
103077
420965
790639
201076
859900
540548
540643
662351
327045
8190
962033
406037
629064
401618
637046
489041
16696
222762
703883
239274
445843
188124
320430
783179
543488
955775
739018
4723
688661
121410
337696
530553
39587
346295
872146
503448
735060
995127
237184
929844
114193
299450
589887
439886
770147
678965
51087
91490
731230
487457
383757
412549
692070
417268
886272
459628
843631
459455
110094
616987
906858
897778
641914
54694
870381
164084
595486
184457
127377
872980
479073
537521
427965
922777
373857
555610
820102
512007
848770
929052
189309
716713
944603
475324
135478
869802
552410
619910
812941
299549
322482
205202
687493
944176
101247
140466
26558
799330
718914
821161
147708
414524
504284
340975
131331
704692
48077
405238
679189
689273
588554
11864
269774
103492
51986
672664
324507
437542
640740
958511
231173
202082
639165
783993
577553
244649
864262
516644
620209
988814
59462
547436
409820
407482
812959
892583
932109
257243
934724
550442
274903
77057
936066
106240
413261
260730
567661
691377
401085
2
429709
362983
909977
715568
636616
466627
439277
58958
28928
970569
34698
891416
25346
374838
235111
870907
20921
490483
403976
712910
126851
859811
808508
57410
191046
302756
637848
837226
826783
41813
57837
501131
745095
158988
431508
277517
970563
89705
587403
322728
733606
337831
154960
956633
675341
156559
17942
508340
98374
686601
678450
532732
249073
815935
679377
87399
195811
696147
613338
352453
416853
34518
127091
52811
808802
840618
700142
509115
344840
309362
748741
669692
842596
155036
761649
897271
331931
273905
122934
957301
291788
892550
178342
156758
186951
215304
45961
191471
34410
187508
253485
489104
17523
275178
339871
152752
938577
975824
134709
916226
161762
249964
156259
546814
68206
206486
581480
781621
516250
261816
858877
459445
206829
312097
73688
504664
643094
459136
278296
618623
544900
689937
552544
307031
421391
446847
412062
698394
515009
590286
197986
24182
897669
99605
775985
129660
721246
817588
43563
920505
170357
148644
918962
561256
253624
734187
799781
854309
911419
455245
63407
954338
321488
117921
669627
790529
285405
800254
855405
107359
664716
337003
928490
73777
448925
378912
410217
570983
981916
95490
938207
130145
469366
207955
67813
875137
561162
326338
802059
245199
262783
93187
388457
407772
540751
263634
393012
710109
782064
694234
781909
263329
974445
398535
118373
817407
196024
189560
736632
29662
261386
966978
709429
471298
785771
619450
271018
66757
440861
174017
415048
364216
468608
233161
163562
511780
120835
619477
816780
562115
542333
248911
151867
321799
98587
34615
255745
29289
490755
561541
563488
610548
565731
418812
451170
911836
110023
387755
75694
97031
491720
447882
438021
843873
771790
362227
15902
304333
991384
343418
104843
3408
14495
58585
169121
439247
977698
398500
669523
84453
92458
581346
607267
968247
197607
701696
368289
318346
89783
86011
272573
796323
507563
668835
539876
715168
172155
495528
861521
591782
332006
529894
301298
349869
165594
742228
50092
164741
853750
890740
716743
222180
826875
135310
799606
483894
141176
776084
285674
895273
923906
401892
398175
765512
590531
469454
274520
430501
854966
872359
851792
313465
750850
36556
755767
968830
987846
508000
591646
977070
504341
427661
312684
216103
37806
315136
121067
87094
303717
470075
990923
292826
63187
451617
426094
149695
65727
450577
586651
167024
669846
645645
598422
570773
731786
244160
523185
800123
281038
488817
50652
861562
528884
758236
514186
790290
332950
265812
664811
769342
479385
157718
819559
28043
669965
54496
283718
65105
985648
2952
215381
948338
425472
170447
15953
800561
425106
420388
268297
807075
120275
214067
453193
194156
527516
781556
654337
704912
13677
746338
8919
131201
633344
670488
843482
635382
874383
544320
908027
147770
462409
955087
408092
599331
111965
524097
2556
522384
265541
342679
181716
312108
790893
936040
447120
456864
703904
858811
965404
616058
228960
320920
472573
232949
988075
50402
657586
690025
960421
376313
903571
933050
887079
268015
309842
268128
64453
672314
868105
242691
760617
501365
88949
959724
135493
870996
745575
722769
527328
137607
840145
591886
41625
317096
269582
79340
533386
339745
559018
536703
47544
573166
349895
738116
815353
218594
599950
581900
563473
164239
561521
425867
251776
334041
314829
137003
683612
707730
640790
744136
491045
833900
36206
260682
464405
94816
610391
147984
438444
135840
270425
211097
69351
399885
188700
139591
752081
702096
82031
92045
468236
355236
781095
605531
22096
506919
364083
332787
371459
988971
191602
384156
420991
930215
72070
479473
533046
649216
12981
822069
327859
4398
737442
643915
272790
567161
656156
165903
630416
436082
958753
818875
55216
824089
510593
334820
252161
170599
127625
189813
315101
988493
691253
178774
83125
209670
803640
23413
460582
513461
821652
214595
799629
818139
22557
299267
65465
892532
227639
51321
209008
325883
479237
899068
440030
108970
554455
261227
520122
308196
267406
123029
377159
798735
211548
170598
353451
484885
462100
314223
373658
921535
862959
476397
757082
664351
970454
347349
199629
598751
824628
624557
723871
739014
654837
878787
376284
768887
118105
930542
520675
886502
684642
245790
328590
704008
944767
106616
71826
478164
678689
591251
336433
3452
122283
722093
685864
816603
833293
407960
197476
977520
925201
161680
753779
442309
831922
621229
442144
791317
544934
336264
721902
128971
642868
483004
697162
206166
943068
566941
679698
114155
999021
632032
631958
365988
309202
240023
537334
152817
493187
303141
295475
212977
106161
868140
121866
574226
889639
113528
74350
638157
256117
876971
513551
402910
725116
689344
794939
578000
965386
361754
505152
274215
509223
481336
383767
409464
577014
703203
28732
799274
298620
750343
923889
682971
112241
496936
33188
398064
425060
799014
882993
213112
119590
316742
767245
335016
27729
878773
818044
795049
141509
857896
11261
913122
981735
526919
42252
704459
893112
255239
110350
492226
905907
559625
761967
492377
278284
349554
219171
672461
443242
237395
815081
52435
360545
242441
684188
518992
765864
32808
818246
507314
951116
916791
858334
105019
633001
827360
83701
250232
956028
408084
371770
576389
820666
482969
639297
306938
821030
388287
27144
725236
136698
70889
970378
289332
508470
735947
356022
377671
361784
270190
484254
233987
697763
518699
622958
738050
443765
659169
365394
433026
373110
471552
324405
732455
33492
391968
782065
651074
773881
948949
228768
629968
675263
715207
224382
245784
436439
98065
986129
352381
27230
628766
896853
146965
122220
961733
868442
83965
528226
910142
735149
540580
779729
647630
96333
431099
749648
726292
75461
749482
867773
921344
609277
348233
453227
851266
991332
262356
883116
257583
836577
359516
243238
656690
397140
27654
87730
312619
287254
459570
848734
383223
250761
190029
56804
148773
35864
465914
123611
983633
527566
693123
68707
605491
810392
317527
969095
52754
280705
127508
580441
20746
862613
96016
237966
504735
705453
221933
243925
161534
972397
242834
905338
775941
971408
906789
249476
158845
245528
403094
481695
362268
329609
313614
168412
596205
676566
489250
684033
983177
587878
476404
692362
417517
976357
676863
715809
487809
243057
671400
765128
130821
50331
852206
868456
344876
545472
374591
103092
957827
251467
687372
679858
441245
713189
323162
424545
858452
707024
604108
541277
287004
911186
771694
139798
894292
478338
56961
106962
181365
589529
417819
968183
500748
870548
162732
814408
44879
289295
215479
94116
433291
660539
186080
356387
294311
581751
183518
969343
509200
932638
29871
661817
171673
43492
598213
832883
879757
453250
683177
152091
864964
49133
894404
606506
385687
331371
586143
337700
536440
237263
808154
78296
680398
942506
812970
131548
864366
726974
409667
268885
933710
780468
906565
84444
123599
875152
141411
232103
107631
388517
976513
230264
332751
366097
784277
157090
102588
196233
328227
218716
283357
326962
297671
491521
15878
222121
497954
801604
32595
459235
48028
360646
590645
321496
94287
497184
250520
765767
683909
637968
179924
547
509672
116775
169442
938298
560895
407962
552522
980126
915918
270279
384021
137696
483679
438827
835302
662298
467813
61926
368975
292102
422850
3505
945677
374584
399096
724497
249638
604862
612092
489518
227148
726345
704409
563721
584236
699108
483774
350666
479551
361792
619429
842613
422056
118354
270196
493463
976975
347101
499804
667157
154856
250705
875543
374223
101384
551906
142508
837570
160866
677466
504076
122581
100392
38184
125832
835670
118419
740677
500217
413539
943491
507436
854550
665051
390901
166538
897431
196593
382848
375433
610792
113013
887552
995081
146500
601478
854975
41691
530283
212833
737492
479376
535651
957346
478277
138323
622416
70113
505152
918700
613907
733096
672154
391095
480914
402396
104375
567698
367421
699887
310057
968562
196496
169545
285831
856883
120320
361931
478311
418078
267316
140737
966628
826073
770833
455792
999512
745783
934967
672324
675299
237734
892589
67645
982047
156103
299048
160086
180963
213919
232338
80269
672418
521707
955980
791031
579723
634851
155701
127536
232019
133090
373058
465163
558383
588012
192885
740310
540566
215468
782763
745946
646821
701841
812861
805787
261867
180539
8898
362147
752168
829417
423459
689793
779069
109708
948137
573987
358709
932887
916840
189235
6411
463909
936594
447768
283536
380294
741470
395512
620231
978630
895256
739474
327647
578583
701703
709450
193260
234819
37803
455023
735230
547534
220679
15499
67335
494753
843683
69462
778337
924376
227037
432127
620288
424144
571459
717550
460504
950815
725247
308659
743088
498701
810043
905044
322176
957864
213502
686892
411221
612137
632841
45488
857876
56096
357104
698537
5108
355041
741111
796122
99232
268535
425104
776386
52192
293604
839884
740553
590885
120368
323591
152259
54537
874000
792490
648548
995091
334807
438542
336051
294139
898433
137695
462368
880052
228730
251801
905063
697861
123537
707060
299215
122967
846912
1011
876930
752370
890687
535776
927516
822929
889176
65934
940382
91237
484956
420325
839355
758241
627224
6798
816179
542923
456452
590992
300919
851717
804202
572160
663694
864949
719595
770044
504159
723599
329535
436287
586866
478083
929585
313289
105009
866350
766253
787708
779436
588044
748046
979923
492166
61088
874505
368168
400088
304116
269417
958104
230394
759233
410350
175010
904315
498017
472880
284963
39679
229376
240702
567004
304128
124868
386800
447837
461088
698106
675349
168169
124362
608850
579441
800006
270534
512790
436918
638457
523947
982701
312584
422959
753212
994651
790492
370170
764629
507297
147206
425534
827237
691362
443844
29415
628475
53295
443092
328523
163185
578527
664836
6850
484985
728182
174505
970163
716813
535070
655180
504500
148401
201941
561982
94349
980851
174486
127577
868126
662234
190901
455511
744323
346045
638394
899015
433923
871527
497017
85786
642188
323463
275110
686208
6928
463308
447533
693946
832969
698103
473919
385965
149716
470612
718879
669896
90346
101717
691197
530060
433328
270242
899016
10720
469076
779203
101114
495193
306477
634378
549598
588871
376112
91294
86907
870188
321882
379798
793095
627129
443732
52901
108917
776494
454047
474606
71738
157929
982270
847692
311778
39721
630304
605708
795454
341451
935508
450180
227832
407062
895538
893598
20858
529554
794343
590837
974145
827935
592263
675530
960575
335742
32630
177707
553151
15957
271025
228799
101335
917503
182226
464989
415444
165340
304187
153521
679834
632824
529785
276789
726966
373204
548351
848118
384953
640644
181366
391488
632227
178215
788605
488998
98051
675289
297909
5035
320603
580886
64610
615935
75176
351791
963805
2839
421139
196414
85879
996550
719753
628486
861076
570524
630306
464042
377111
670037
734248
354683
790217
933971
954522
493951
154231
721687
112402
7156
93091
809503
857136
475804
340701
393861
750399
266650
843227
657824
579790
895656
294318
186783
630299
518543
498571
610215
193663
483557
400648
938707
447125
454466
605188
6507
833836
636645
153783
79987
78333
757174
360206
905369
725049
453633
952087
993660
603376
48621
446804
758044
624556
418334
78012
96677
198048
376508
332719
796834
746277
440032
671020
94040
514842
513813
695209
405215
366530
591730
345532
276144
171676
558250
35045
201812
794741
301725
290193
658857
692220
323652
459694
645907
361527
119318
596069
897305
26220
925335
645622
945194
968934
638174
167886
460562
697247
476668
403617
495514
143465
740042
938186
319173
774188
118986
961503
159717
272348
210286
203030
68772
111047
410775
821599
701186
54084
442142
223785
355377
120252
497007
321269
259141
586656
713844
961791
651300
317793
545895
279459
348761
516798
219508
156418
84625
432334
772283
211208
128630
228665
26830
517995
360747
382414
819630
325093
167842
617980
875772
683313
840169
725247
260196
7620
425150
426157
412017
761639
170036
412581
486391
222149
81030
157679
680129
183785
707391
146574
603087
709547
357061
742976
248208
891668
280655
655027
805185
436557
509973
774120
534963
218910
536893
95056
279233
992061
848274
105270
559508
24229
577904
788838
647965
548013
966036
717505
104886
420487
152819
614326
55987
19824
10461
874024
375519
417346
273228
478299
281196
96731
370716
146911
880812
238586
853948
85365
471607
454450
255482
421611
216215
578484
952126
65016
651800
572607
581126
735670
912579
265128
551857
623306
628915
929175
108856
914677
925824
307795
363484
763397
158604
290548
294300
297545
706111
317800
363816
141355
613335
372407
207443
753598
707376
650546
351742
424901
2035
722688
869345
12804
90907
78399
541948
18715
586993
894163
908003
202009
886248
584092
103322
527680
632618
967678
64004
161642
581692
930030
372718
571680
433381
397640
850323
498713
495267
419604
661040
45052
537810
742282
179306
126085
880147
898440
591025
420516
254278
378733
173285
247038
494319
803643
244792
424728
441633
396924
842236
44754
520205
558971
755406
313909
771222
304494
267162
702567
293006
707996
457317
132611
912661
634716
525774
130578
195063
68976
294118
211119
471403
154699
466243
695521
989051
62808
744498
338338
698676
250483
625724
214517
202634
115364
686561
774109
649512
769417
900255
844556
161056
11185
685908
669154
681813
414811
100444
929803
397342
916107
554235
927103
457241
530380
315409
789923
134728
582
811282
635044
181473
177176
636443
359123
296722
323232
707311
932096
541732
167074
830995
436396
374813
574874
589176
675008
206259
198014
380527
917557
866188
375078
371809
709295
115635
228104
325524
312350
86256
699841
380488
132140
152061
133426
389785
278860
640770
770050
141034
457465
590044
608182
872482
761270
976175
546539
185277
212348
189903
315880
188065
757270
466257
570246
282788
32263
649730
84153
909438
169351
627507
622457
700508
399869
958670
157709
730512
791065
374183
223063
170704
3268
989872
672764
408203
243036
800113
765423
476752
789294
864146
405913
184775
219979
110343
208836
809722
486055
24779
10112
462331
143086
573294
923078
207811
876817
233007
714764
203559
998932
367549
755414
665107
424482
808885
394697
775372
702750
569206
851102
774819
617086
555151
289843
246778
167932
720606
195378
960776
377054
481030
316266
804880
352033
326011
57378
586408
780915
48528
825664
981170
759809
278535
516972
844351
897105
921489
788666
831567
13101
731423
865203
883175
814755
496412
56610
226967
452382
502617
80986
468524
977600
234415
284364
669700
747497
413263
545109
279590
506769
868033
814705
289761
492534
160309
883468
328530
920381
8049
434
67750
161879
942596
836133
743349
635168
487323
426342
969920
284559
371002
617026
280460
889020
847710
635581
962250
648598
6039
476187
821078
142305
790254
792794
408081
596611
55059
932406
887832
846054
889646
601411
567551
604855
354783
580684
133492
723950
388645
450008
643143
655057
630709
410751
996323
582816
171933
227082
665932
252314
557432
412534
828850
893382
867366
270430
612449
893630
47502
450265
173794
49851
325652
116962
176471
281322
812142
269656
398125
756884
311228
934782
309586
572302
620990
499766
426351
146253
215228
741602
827830
301995
117191
256535
950339
411656
420687
452979
740658
701719
257471
195398
46607
17188
358365
27568
112281
90435
168973
268733
548720
427782
837681
883389
937144
219009
97435
947251
678855
322638
705342
687360
716983
930007
627369
40426
55484
563652
313804
455926
145752
993591
502340
284287
341573
600833
206292
18833
162126
737448
943295
834510
59500
371346
345719
649601
232343
285196
689207
364962
98278
339183
179391
254631
952513
514675
342759
535212
341511
399178
855673
717821
962439
213987
343860
622169
47636
790890
776155
415964
845461
137000
215881
378461
98771
786308
98001
141318
395098
161691
674352
206621
88038
518042
875187
82332
369645
252065
778304
599356
616436
629568
813330
846179
955370
526137
535086
73550
228814
445934
695444
823669
98991
528990
32518
608149
305995
972816
925711
844918
673046
467513
776799
24396
105404
534944
427605
351200
966685
527657
416181
24336
902133
740918
417326
378327
167828
745913
610271
665770
982124
185797
668787
313181
497537
872209
487930
229389
582315
941885
235680
387108
881635
754863
910700
995368
288517
798999
140441
211192
665748
779728
184692
291353
67477
406270
103566
828930
132178
19261
429219
761425
396029
724431
464385
447514
181279
538993
371392
808033
977713
549647
298615
753708
682276
82957
496907
572182
46451
644892
594699
224262
312119
866032
908816
579543
883245
18072
376859
183630
833727
721595
387418
466720
281636
299128
968759
867351
330055
347874
933603
223798
933063
146781
246711
308327
31521
743550
518170
542756
223576
826161
765523
746040
270534
517250
37553
15539
688927
966698
673569
908079
901241
542325
90828
686088
534900
72421
563886
426103
831497
874746
299187
225774
19893
153048
585337
262786
852423
114711
434542
149796
548048
632767
926102
424929
797562
849665
752597
212519
219384
221279
364667
884336
416556
632596
639871
527308
374681
142340
610329
402551
148482
777797
815835
852712
909521
560638
569360
404393
21437
904976
341275
282190
114911
456614
246245
621183
293112
338890
330093
36280
388737
898282
770217
743019
735218
780125
963191
255939
739516
103276
345789
282744
881149
862118
634066
286668
607366
473621
954346
266165
655654
765294
702407
306451
999882
785877
861510
136155
833244
671599
824035
279907
36615
264382
730308
539910
637751
550814
121192
115191
624281
298848
143986
608421
481414
171869
844703
73824
319196
544906
462540
630406
276499
60262
63572
119227
419244
28541
340622
568304
246655
685626
950310
506452
492059
486616
360230
188813
374799
59452
914259
174798
225441
306658
824679
376685
542122
610576
643064
630580
759139
911705
553028
986358
104905
793385
505603
341007
251090
312550
455783
227942
340393
835410
308323
989474
802903
180343
403815
756519
505252
312097
808753
268044
423699
942172
251907
141085
200906
535385
230430
826122
621510
341415
976002
264354
984629
424651
821529
820533
663996
218232
839290
791764
989368
152156
918515
683348
878535
870301
401920
106878
994198
606077
635050
395308
920121
417508
708413
998174
252275
561826
141351
483594
588772
784452
742479
991397
581174
362110
697906
682220
271486
918533
121986
622492
458272
304266
474803
605421
909407
870954
289695
721363
510114
939526
120980
579716
73882
747980
627241
798005
915499
381846
881991
213778
918627
514831
674139
723051
739907
71742
651159
230071
703552
827471
211207
535570
879576
118464
380309
170419
890545
65484
588113
541495
349871
535757
232020
85549
825614
212141
364705
44204
89284
882487
349267
594565
651246
750547
440215
51451
645938
231343
856116
10042
566468
564333
194080
638736
909540
888019
678304
588050
408283
593829
15046
428715
376342
761942
832269
342253
777418
576890
646342
893232
85455
751618
186497
914743
211271
169603
510727
957519
381123
728536
404973
765801
814110
934814
383411
461757
264278
911649
783404
54520
892502
739767
911478
846196
929999
225906
105327
200768
112769
27153
266555
7177
282242
534387
22919
637764
902227
827548
38893
18151
682050
412809
886354
595838
91959
390380
967579
304570
671456
731841
683789
701425
924137
283677
224665
518199
639628
853259
195482
205961
977362
376006
62714
500409
692387
168297
87169
90428
616371
335475
551978
115682
200760
458976
439766
806627
795288
278789
397455
331918
981804
704109
575134
796752
824826
329705
736079
505854
653549
304429
985828
587764
998248
453086
187537
547118
657700
387423
696904
305624
695144
331847
130005
961743
273409
986395
39333
451359
621363
512468
975079
726498
51804
315171
120995
922206
917686
230555
596193
31250
919398
301414
977682
779942
222180
150975
353522
513154
629089
953045
649856
59923
391169
165344
256853
952473
37891
657588
354179
28030
997780
792554
943621
58768
763278
515567
643499
248115
601389
454214
820440
660739
914466
413331
756791
458864
596748
615401
432809
163682
82886
693002
267738
309902
242411
903645
554013
516135
530682
107766
698186
175691
350017
174870
463007
604534
304533
104497
149370
634435
105710
812129
150016
230703
921540
524395
810443
304321
438477
684717
456963
798825
16890
871261
441951
463573
206366
150853
868206
120204
117688
519973
278192
784012
482860
3333
980413
192907
698331
67490
25894
231439
431178
344814
513816
422207
15168
948184
344571
853333
575055
543154
318275
752173
170936
532187
26152
682468
346824
876123
521486
892591
150281
878759
831651
390831
654430
840272
21335
967997
908936
635172
887711
109621
343931
852012
73865
381354
753365
829396
506364
145928
522269
752683
747777
684040
143185
445991
715465
493576
553378
87727
95526
894612
516399
72602
840255
174549
234960
860763
412529
131280
905806
823394
341225
760641
481456
670568
161783
81887
302446
675478
971957
567319
204807
553641
757563
387224
76452
491733
801989
805001
594702
409976
923289
291884
335583
258904
817955
186854
486327
89923
732303
790254
781018
914539
966956
774862
762561
528686
223113
289217
63919
258907
38650
742331
5570
225891
457921
934333
748792
254712
470952
901646
185418
899446
321361
99421
108783
828540
640386
151024
79909
879424
88302
340207
602492
97174
318474
126844
765218
869078
650345
558173
113902
853404
361480
677568
612196
794828
908561
489580
184963
18200
978981
656848
930075
938587
706474
145553
817088
288914
592096
397513
94450
692206
721995
335088
662196
24283
197981
964896
789999
216309
276931
885042
559544
926284
454137
654322
161022
936271
799192
199713
918187
209653
950492
302404
479358
570359
578163
872919
456361
802222
451135
379731
88849
331529
705654
954872
680729
600342
748015
538394
2323
891029
849708
574183
408232
234771
543870
550050
302051
508156
850297
482600
300928
747578
863853
896816
848321
851523
434301
478074
860044
153330
333931
725042
261352
979571
643963
326604
616387
56790
769482
357248
732008
910672
106070
363930
823076
934130
976613
674654
843184
200196
823758
859507
422575
458793
426859
84159
994815
641002
513873
376299
477422
712803
244964
810231
49660
469434
446299
131251
837264
898105
327916
196589
43959
503551
901223
937460
424972
290738
554986
88595
493664
666221
335275
721230
779008
203138
882823
790336
986254
644060
849396
170336
804232
599245
503136
628153
447022
407583
171507
822814
707882
292675
250333
97126
982553
861790
457111
220339
180242
924209
233340
168475
752360
589723
761406
336837
611075
283880
95128
944587
649683
731376
913786
845108
355613
375878
793609
219573
434511
887543
488106
112779
497296
565548
838642
288900
83466
261915
178678
128609
379064
973871
486915
928156
182385
71023
981645
352225
171192
670087
39355
12340
538764
579669
751024
171368
335459
942453
535695
117277
725843
205723
628772
814665
878737
230041
318716
42505
497725
318238
647381
315409
354842
356476
693057
442560
281933
255405
328006
809219
867871
154533
755107
738852
577428
929386
135546
708159
149085
904018
299296
213558
11185
507594
842809
610751
884922
830959
964208
293522
310185
233347
834939
576423
269487
639297
628441
203298
591992
159
369088
462553
22454
362543
968230
438555
677553
583278
551290
927012
166891
328425
550713
947682
321886
666983
440611
754519
802724
965900
84614
757431
73732
578128
787240
735919
901692
804724
843573
312653
210711
227067
822108
887002
713112
218842
32971
28636
199185
433923
99851
691420
302068
519662
45625
127976
856195
231954
258978
831260
87620
159488
984527
537594
860917
341574
24934
411015
261697
300960
582731
812157
352493
410396
333733
690319
114196
644182
40761
345107
377731
6593
380850
446257
733623
434282
593871
788094
387285
345628
650941
511183
330467
944537
991200
426153
284377
187216
376048
482604
674871
824770
316088
502261
100100
830683
65145
769564
983970
852562
506290
392782
243402
734521
490415
88163
848009
987012
319946
63402
46543
725491
111080
361465
338605
902998
956079
335914
279244
390067
161264
415677
924659
304619
850062
604760
636617
155401
91066
996529
550474
447928
321243
391062
725414
445189
467934
411263
892336
185974
417525
424237
486655
510459
964938
286407
19243
422735
208815
900320
755333
872357
124131
637420
488307
309851
961395
894816
292324
127987
948623
767797
346044
141701
911117
271737
972511
626585
385711
650257
577408
183648
983905
99473
988277
719441
563595
704869
955904
16811
666673
673529
851201
864739
846615
899577
985634
739417
212561
472124
33752
178544
461789
789511
583863
312329
946592
486472
772583
166039
969550
600273
8344
553778
222318
822193
517723
769472
543309
788151
443687
12132
749647
207572
884828
131436
443677
943481
756462
640005
805861
964745
87739
518136
475691
558494
971514
132387
265948
944096
242482
802608
527287
687595
538196
370161
822971
555884
821955
466313
675783
222308
764162
231774
258571
918808
299409
978654
909932
242849
734333
162626
904595
64365
194890
609022
542486
417723
805282
135079
716770
360434
806681
698664
17557
165200
7665
456839
462209
573321
373095
719765
811647
823597
984920
393830
419109
248106
812953
85852
517134
967216
192472
114225
154702
684986
18565
497728
118790
686441
905933
205974
229920
746771
239517
45886
24112
85545
574798
942097
949950
870258
648556
184401
373785
554394
283033
52090
444085
763518
277358
360032
22357
326989
907013
540227
784609
345514
980706
206205
41277
544330
949292
243064
340750
264193
583295
233772
772592
748058
924788
743084
228861
602200
124152
587529
670106
320821
190838
129748
939738
611020
404094
367685
130301
382147
924348
696773
750615
935936
952051
52279
45518
519946
160552
874035
159492
544811
35625
3000
970874
619271
689100
802325
308064
212480
56902
352973
838761
387694
675082
619465
302025
522657
616736
600777
759234
913795
384175
487104
172950
871719
872549
346193
549852
570817
660044
844793
513108
927329
603016
840710
410884
578212
793867
476248
442648
178467
424334
908773
68628
946803
400532
979161
532804
934862
220977
909909
722040
323582
967769
348273
168446
8076
501997
62975
391859
795936
512268
773453
628425
895434
576058
849755
31889
815253
840577
457098
655894
706994
811952
292766
893733
543146
421531
8645
378795
638845
164544
73266
936380
302940
789989
393778
192321
105064
258218
222862
220825
263174
635845
177892
195701
451897
957021
662961
826095
697507
499408
611611
171573
495238
670853
594157
620313
289716
189828
969332
643465
122760
490075
376410
419911
893434
298531
289925
179650
711220
842519
497282
348578
599597
153160
152125
808131
237737
270033
210945
697077
336419
143597
599647
351384
825630
450320
884893
479952
493008
614741
656310
506804
43696
118354
442499
973186
691076
382771
321359
20248
2051
89733
845661
961403
695628
574633
320869
680451
140202
925826
880655
685387
224622
524862
288140
724487
358817
709561
825480
168315
368177
937884
775612
829000
636607
228418
531216
299555
510785
711782
919537
325253
7173
826752
690210
553473
340552
786248
537896
866101
72280
315213
655485
799307
26615
657804
495215
902353
203397
824820
929613
897007
691042
163277
32688
304910
838559
660777
21037
987068
859813
553999
272468
964267
957568
37200
410369
497214
343715
687232
783071
929648
482930
393805
630128
707874
687227
579048
850657
822864
496883
534525
577617
484643
294630
351391
511489
691602
907262
345220
112720
988231
686432
239
298456
145088
693254
88737
794424
38058
783724
955941
465570
437430
921523
489934
170563
155968
333080
684639
808884
503825
111837
872898
180091
503410
758443
625458
544753
562656
691219
156005
418232
153606
979239
491964
776798
330045
989538
317118
881316
102224
144054
82157
15290
328176
325150
199337
151288
256132
982004
63460
64025
301964
703632
823683
115422
912034
249733
880133
114864
730640
754085
383997
570618
507141
832947
590464
845763
672886
79984
381758
938157
702992
220541
567535
71786
230919
434286
184329
191885
759075
433964
246106
62031
970329
579137
771493
807695
890873
267716
829114
482912
3236
858367
770651
707011
971202
387034
69295
152539
456085
370516
534405
405010
709804
332743
279493
869047
509937
436307
519252
823353
242363
697246
148446
269481
776249
581465
86554
726577
442762
71724
942886
800470
339194
608351
844185
772502
501411
61403
973747
501669
188066
302853
400001
681772
149155
14388
53588
738812
784056
727550
15789
898979
149018
218302
583627
139350
630933
213351
727924
244027
738339
208856
64132
455811
547186
113417
521261
233864
669603
873613
45163
35116
501258
432223
779825
9915
431415
599592
905190
858855
306492
32258
378492
845920
13665
317034
57704
223138
608882
343499
777965
303082
882967
922349
583159
587942
373897
425386
249732
761657
891833
746319
663350
407830
511797
228693
819708
64754
462702
874608
68154
885941
646795
593199
479898
208647
929273
532518
72516
341653
891895
822122
913807
636374
524549
587114
676862
902794
227692
810143
174545
337897
799059
164272
954657
502398
513008
757654
581513
706801
411048
976063
715566
67271
847274
329178
197132
33231
440285
837517
831096
95203
531361
128703
771077
490800
489442
893784
757797
657278
221212
472762
477072
680543
237932
895732
361854
58473
924587
852593
990764
213573
548983
733380
806168
69094
904650
972408
565610
375533
575725
553473
701138
686034
544808
32339
677461
389475
519634
504884
375225
672412
990229
477337
86105
611200
859261
368867
960215
139949
999648
627403
98317
760175
244882
54343
753221
5839
502467
53113
504278
535752
26484
131626
313349
885072
263259
798399
989349
527901
960543
702410
661768
509524
611374
237542
719739
53911
803642
401191
171395
937861
78404
633906
218595
575596
42853
812018
574715
723165
27428
238595
471849
495255
620766
872026
842232
904665
770223
311187
728006
835909
555949
800783
700765
141978
373101
730301
853729
490100
447418
917334
477797
712677
362554
947315
483905
178174
265368
938963
984246
170957
814108
787153
773170
730478
338946
13818
332864
81678
907335
36262
695559
362101
114494
167992
638147
363204
163662
851525
759074
378197
331296
128586
652460
889873
929826
87118
317497
700191
325201
678532
292407
744902
300553
796582
672186
554126
540345
79443
114119
692700
417859
754627
988572
203604
604775
570606
280922
678910
782018
713568
146088
428171
786265
897610
562005
137790
22642
243441
624642
514123
489388
836152
485831
570540
328896
219047
326726
632031
317302
293497
611973
61846
745939
298406
146397
886581
7661
469260
255641
433074
143257
583833
259761
816292
81945
493881
518142
518826
486406
824083
181718
983081
191167
313912
782808
414116
799927
642931
529310
451547
421481
244321
803402
656556
978461
221318
268605
845542
375
936161
272926
715010
689922
684293
101446
312615
322161
85223
88268
243708
638644
324804
75349
431687
571777
24246
614185
747665
763627
273043
718338
980412
888189
448812
803467
869550
775118
47303
516867
302322
654943
907588
484812
205872
198302
632320
878996
416329
410649
262473
843061
619627
192355
961175
931092
618984
828170
639438
911128
91373
507028
138696
40144
404204
572084
905651
206364
28535
335717
629103
538113
962921
465743
127763
232950
6402
8108
896631
331808
15280
382219
620551
614506
885709
384598
600517
466238
406259
195971
307833
222643
939350
653374
593761
912886
190266
367118
42825
305581
319458
108245
901711
778486
901808
906817
229807
704076
721973
99816
797683
133777
999011
644398
764917
248311
634809
456975
226457
147775
230936
149842
307571
381452
453962
644336
276575
878893
132247
772721
259951
1343
366473
735931
200105
165711
344445
701610
191725
929781
991906
157779
951288
674236
57170
620035
330581
143818
364615
655013
443433
430410
563282
348203
929179
838624
558346
326203
821908
31779
149428
721321
270210
922323
598932
589905
483931
209140
414647
941661
665880
263468
884144
2409
630087
384895
41579
342406
108007
80659
3158
355843
755407
881932
116478
960566
790826
989649
135116
443277
291543
135654
219096
772247
419563
61253
995013
783802
737650
951102
98993
86863
569633
668692
534189
782488
956438
736168
538022
120887
799077
973230
101833
962523
162812
705850
994027
894947
311109
534873
544675
874707
757256
603266
320810
88228
776815
562267
7552
131965
802067
330110
374542
115482
498575
631636
718873
495762
289954
448465
909067
232135
411661
653416
73938
282897
969193
811108
443083
640920
620906
153505
814321
631308
114277
995750
70914
560724
590254
332519
393109
660513
461668
829680
607601
778171
240428
232633
709399
628133
279027
143844
179364
38538
386620
570900
494045
735437
178843
630765
456546
291396
439997
148912
229912
128278
921845
123363
719770
434892
290881
544495
512071
221979
55120
273124
512574
674988
710638
323826
857282
325957
190716
792801
415160
707241
111329
933705
423893
750004
583094
507029
558932
537064
756377
521386
217486
660295
530198
893578
296232
187087
603486
278297
947800
118132
478335
820866
753105
232256
994822
198174
811068
924718
155036
830256
406699
359328
911616
821581
631463
451641
858411
705440
49551
667861
273374
607152
607118
223315
853556
772260
912730
477787
130799
505179
992977
685299
766757
723558
554899
411391
512263
272317
649131
628532
79655
23583
263024
14055
82989
940071
186921
625688
269458
118929
597664
408274
965618
835966
139734
55924
800359
102421
522725
506418
274015
634292
321405
532029
382038
118793
511440
535616
994918
175207
813691
325120
473475
987861
514349
101603
241049
891068
279559
755001
231245
76006
928686
919376
134035
139348
94288
201243
570634
925278
892418
713287
805003
811415
492295
64013
312184
457496
471957
643383
886032
617560
132359
852062
680685
999777
267308
8272
939749
463107
11091
702645
825332
575362
742088
183858
947719
452538
895093
752733
971057
524216
781353
256405
603780
842202
790190
98107
15532
152876
484338
427671
89008
302449
167330
512821
649108
604499
53160
998719
919269
39248
925252
517860
162514
723463
358498
904536
947372
22451
11849
92552
304063
569318
900034
593766
404942
698376
681097
8819
886572
346738
209103
512592
265489
481469
933515
599839
728732
349493
452005
675185
21291
879589
744271
522574
417260
8959
481285
572049
